5 53
95 61
1 13
68 59
77 23
98 55
90 72
82 10
53 75
94 59
36 30
38 73
73 81
28 97
8 98
55 51
60 72
82 74
31 80
48 69
3 97
51 58
65 17
60 12
26 27
56 100
28 51
99 22
75 96
69 6
40 8
61 88
85 38
10 20
17 37
97 95
92 30
66 59
5 100
9 49
80 12
63 74
41 28
18 70
85 5
75 78
99 1
96 36
15 84
1 52
28 93
90 1
36 8
58 73
67 73
6 3
18 67
32 58
53 27
77 5
43 48
37 52
41 54
67 34
98 98
9 87
61 17
79 59
37 64
83 81
83 34
72 93
13 25
70 76
30 71
60 23
72 6
56 49
54 15
70 34
16 89
90 68
4 77
71 49
43 34
11 22
4 41
56 78
13 18
3 94
81 60
83 25
100 37
21 26
19 41
71 54
2 61
65 83
12 92
